prov_name,attention_weight_2000,attention_weight_2001,attention_weight_2002,attention_weight_2003,attention_weight_2004,attention_weight_2005,attention_weight_2006,attention_weight_2007,attention_weight_2008,attention_weight_2009,attention_weight_2010,attention_weight_2011,attention_weight_2012,attention_weight_2013,attention_weight_2014,attention_weight_2015,attention_weight_2016,attention_weight_2017,attention_weight_2018,attention_weight_2019,attention_weight_2020,attention_weight_2021,attention_weight_2022,forecast_horizon_year
Abra,0.04347826086956522,0.07196030581995376,0.05866343948042055,0.04572006948607793,0.034641301582463375,0.037773953210405956,0.028304847244556435,0.03832802901522804,0.03538501605305931,0.03545855795938739,0.03879273024164292,0.04412078485024937,0.04905937712169929,0.05297913840367599,0.05606869336288625,0.056688268271129175,0.055586711957259546,0.05249855551773113,0.06907056724107946,0.06927284492646345,0.009705379933568476,0.008728782466293009,0.007714384985203748,2028
Agusan Del Norte,0.043478260869565216,0.07603953208959371,0.06176779042583693,0.052706659107822594,0.04966367162943963,0.0706834499411286,0.061757985844162276,0.07899995210958881,0.06776634739878333,0.04915928799756369,0.03965511013608599,0.03473714047807064,0.032407667810938005,0.032143993674242845,0.03344930148462978,0.03120471039600934,0.029803474287833788,0.030887734986745095,0.049083767223905346,0.05897110819509281,0.006257087842839278,0.0051971416011453945,0.004178824468976979,2028
Agusan Del Sur,0.04347826086956521,0.11013829187323895,0.09477941366571527,0.07225275753466114,0.05514371454845501,0.05927422370691834,0.03425360600348411,0.044576807694688504,0.03849640566245973,0.033384782301252344,0.03070921935582307,0.030790134269114047,0.033669193048793414,0.03845124304707771,0.04400813132131819,0.045300412357899285,0.0427570196633134,0.03830662904393643,0.04428300509576038,0.04176234198067448,0.009431474393767098,0.00810752499715247,0.006645407564931631,2028
Aklan,0.04347826086956521,0.10406926845525047,0.07794414432994969,0.05929241796313338,0.04698615773981168,0.05354362672841528,0.038272820026500835,0.05157991072254496,0.045172399986502715,0.03984703728680075,0.0371664090807492,0.03669154914615548,0.03830385519245638,0.04131804149659755,0.04459427659798833,0.04604732251791709,0.04500326888913111,0.040583185108071504,0.043983095904139353,0.032007969780144266,0.013937872793062248,0.01134891544544718,0.008828193939665262,2028
Albay,0.043478260869565216,0.08002720662047468,0.06116316942741464,0.045044224328085955,0.03612747556182594,0.037631100568100075,0.03103798828582833,0.044884811335293505,0.04306509623460184,0.041782864252702896,0.04151150787166896,0.042241238740006445,0.045268259410898806,0.05036238840532584,0.05714990585836528,0.05784871930927051,0.053586808425038226,0.04659271615173904,0.05354742453722715,0.04490339936506866,0.016981294664910634,0.014274329309652755,0.01148981046693437,2028
Antique,0.043478260869565216,0.08794740350113107,0.07264612226753898,0.058273683368694304,0.04570418156285965,0.05079495198589736,0.042779390512879725,0.06660249880186031,0.06691947023077072,0.05274399950393996,0.04391812268088192,0.040146728361519696,0.039540190033643,0.040605830266311815,0.042721050219785985,0.04004637110082259,0.034919715931875255,0.031505796953431676,0.04057678069634656,0.038332367628785724,0.007646956119400093,0.006603935331424481,0.005546192070633685,2028
Apayao,0.043478260869565216,0.10122485055555229,0.08677957003829626,0.07231543330694194,0.062386774464454196,0.07587999278400272,0.053769927946482166,0.0653716698374585,0.05099483353963002,0.042764016353074544,0.03830366953356277,0.035319496145981115,0.03368537689127038,0.03378589943417086,0.03473853175385225,0.031761434785961724,0.028070406247334746,0.027042762292024923,0.036065801852278014,0.02655831585236903,0.007470278645322747,0.0065741594772457355,0.005658537393167595,2028
Aurora,0.043478260869565216,0.07049029759306082,0.056198255863395774,0.04382160564599099,0.03620389223345661,0.04677927557247833,0.039646930230369755,0.05637394478449124,0.05093445105794405,0.04786480354574343,0.04810585840360146,0.049393651383639235,0.05075601430929094,0.05216006682161861,0.05416240525724986,0.056160079127514015,0.05626571462544529,0.049896337446929465,0.04849989606637931,0.02423648219503172,0.007643041902496352,0.006171456808904876,0.004757278255402472,2028
Basilan,0.04347826086956521,0.1052886897525205,0.08171836278961513,0.05847495604034901,0.05050954843808299,0.062122664192990076,0.04199717448072572,0.050348675962876115,0.039628942815949794,0.03385809422470962,0.03217445948282631,0.032387769270508286,0.03522577871186887,0.03772903725879789,0.03995768118092879,0.03960529033470829,0.03866719236017259,0.03827792712431617,0.05276516292183618,0.04916188839546569,0.014669496585373512,0.012189229058429379,0.00976371774738362,2028
Bataan,0.043478260869565216,0.03493921481955029,0.03941646797235181,0.04004074406772337,0.03796594998064094,0.048243059404400664,0.03728306099903327,0.055938875803417144,0.05632629722537364,0.05589668195378707,0.05569016167552608,0.05608183776136449,0.05714930282691941,0.05874817475489095,0.06070763099417892,0.058221378158856654,0.05269341406807476,0.04390024048727589,0.05259669600215856,0.04279537789210201,0.004737623092116551,0.0039590815883366265,0.003190467602355528,2028
Batanes,0.04347826086956521,0.06396173997552192,0.05574914330464826,0.047802603157383446,0.03902266227605704,0.039643146634386055,0.032864822226818996,0.04898540316347815,0.04783315714550226,0.04575974336308457,0.04605494655403039,0.04756598359664605,0.04946792368287639,0.05163107105928223,0.053656220848233606,0.05191913150387742,0.04862031430848254,0.042623407947416744,0.053442798742240595,0.049142913841174626,0.016383694160413517,0.013597493664195529,0.010793417974684038,2028
Batangas,0.04347826086956521,0.04084104061443122,0.030377209157110747,0.02430343879308723,0.01989090153008084,0.021488862364147043,0.023166802854412364,0.043504148275102676,0.0508717258120196,0.061481938828735476,0.06978499201722194,0.07480590546071378,0.07139102503650088,0.0743793541827229,0.07698877846278306,0.07044369943410381,0.0679932492482466,0.044633358666602826,0.03664749480243164,0.025320960094229798,0.011308840373465509,0.009391676993930424,0.007506336128354129,2028
Benguet,0.043478260869565216,0.07518779370034573,0.048323390569870284,0.029345997289349293,0.019009029022456415,0.01690754546014061,0.01930420351026762,0.03658974822099939,0.04305788080490756,0.0473836788845962,0.05106831941876216,0.054545239618276106,0.05745620496544204,0.05988033679474929,0.06208782892072893,0.060785110692158896,0.05762223329579603,0.052867496568874114,0.061324245035570796,0.04969113393653729,0.0215233393329705,0.018068489996893717,0.014492493090741672,2028
Biliran,0.043478260869565216,0.07098000065333072,0.05062805348579822,0.036695104632552614,0.028555302756767747,0.03430747783398598,0.030618466577725593,0.04649782987134053,0.04623916035108348,0.046272284785238885,0.048237768934526595,0.052305581948898616,0.0554590014393296,0.05728163896576896,0.05869381850443438,0.05559896105402384,0.05068491590195117,0.04560557262503611,0.05253200684029638,0.04036548830301662,0.019813894529190232,0.01625144291190805,0.012897966224230277,2028
Bohol,0.043478260869565216,0.0751633724431183,0.03849546562314347,0.025441479446101,0.020880508014412782,0.027110538212873705,0.03145466724336541,0.054710228138364646,0.05434649259792729,0.0515364904358244,0.05078504941436774,0.05078927843471186,0.051240975670938535,0.05241408427813339,0.054739003755622476,0.05351251418059207,0.051131349416431014,0.049191779366948206,0.06162626026303628,0.049552304905616,0.021069731650104277,0.017442378357577885,0.013887787281224027,2028
Bukidnon,0.04347826086956521,0.08553222988570088,0.0645540493224038,0.05103663921915732,0.04361739995859317,0.047882360844159776,0.034523459087398685,0.046213745797849384,0.042912682167632096,0.04169800131714475,0.042703455064203734,0.044336824376701875,0.046097198858576056,0.047631284486628074,0.04918616819728094,0.0491847869168899,0.048052406252176647,0.04560732295529448,0.05589825362702235,0.042093521144397836,0.0108079667975904,0.009296058157477877,0.007655924696154492,2028
Bulacan,0.043478260869565216,0.07681368345040927,0.05686703744018498,0.04054532738693692,0.02883164759932241,0.02596569000237079,0.02342504197189998,0.03718340966781107,0.03849281979198989,0.03883585164602369,0.03979904021700485,0.043643506492173065,0.05083343105257061,0.05992937141986151,0.0685836518718933,0.06851063531143307,0.062121381567613314,0.050988075000386476,0.0522717610610262,0.036820441225188086,0.023379364917510186,0.018518589093835466,0.014161980942989828,2028
Cagayan,0.04347826086956521,0.07843527718640034,0.07060638176474618,0.06072190281380146,0.05050249200556779,0.05080579941151827,0.03692739345922128,0.050648892928631256,0.047236576106224795,0.042521718285107736,0.04135160561940026,0.041784324831936434,0.04304312692841777,0.044910082842622386,0.04726344109263719,0.04494836538767871,0.04129105196910578,0.03770362566124018,0.04859713078259772,0.03897069367438179,0.01578896907168168,0.012657238551012456,0.009805648756503048,2028
Camarines Norte,0.043478260869565216,0.0974427193152424,0.07889034191365878,0.06310135437190305,0.051951428474585525,0.06160723987364901,0.041434243859687234,0.05153088684302522,0.04204401924068539,0.03535692659521619,0.031414837868857376,0.030315239949497502,0.030042420468020456,0.030836193976220724,0.032760632422968394,0.0331218844347222,0.03339789157898142,0.037525718187077985,0.06109697263220453,0.07131698002806378,0.015786253593604582,0.013859661912973319,0.011687891589589982,2028
Camarines Sur,0.04347826086956522,0.10605231859988569,0.07786199911448566,0.049733020383891435,0.03007841887100978,0.027606521659033104,0.02534065024818039,0.038773457967907994,0.03447698972939973,0.03199772538388194,0.03263428828807228,0.034613897435548074,0.04024299592966417,0.046062198848804324,0.052429112439471535,0.05397672311837458,0.053205024033382176,0.050774936965913835,0.06299380704689521,0.05356307814044068,0.022305032862169425,0.0179545078905057,0.013845034173517016,2028
Camiguin,0.04347826086956521,0.0857043608517594,0.06175301807084046,0.04361091819101469,0.03037167931142215,0.028000989928729417,0.026997537425867905,0.04459807956734188,0.046984215099298704,0.04704154399958861,0.047636762043995126,0.04918876510429708,0.051159990750031775,0.05348797085670562,0.056004535033784095,0.05360282347445222,0.048191819582557915,0.038868824853002894,0.042398079991150694,0.03849831708989591,0.026224576798626633,0.02056053462979999,0.015636396476271457,2028
Capiz,0.04347826086956521,0.10410839260619197,0.0886340892718656,0.06603625866714433,0.04870317605120922,0.05257434092571085,0.04216018222795462,0.05457308845960014,0.04713833123115587,0.039696852630447976,0.03581281381253064,0.034661681886755474,0.035133891792047546,0.036412879437281456,0.03853422420439155,0.0374560836652406,0.03594521030167676,0.03430709028138641,0.04856252955015193,0.049302973237585625,0.010478914393878113,0.00895672359033023,0.00733201090589764,2028
Catanduanes,0.04347826086956521,0.07736643604621048,0.06750103753957513,0.056779421391671525,0.04744178376614626,0.0532878330658978,0.04010219856763186,0.05306587839646255,0.04597573344181012,0.04190418693118345,0.04230702959910751,0.044257530233362805,0.04695016873712499,0.04967605427666669,0.05238422210124112,0.053383971385495776,0.05091074748640608,0.040138928212547734,0.044307097376710576,0.03481194753256378,0.005538558863302889,0.004656145809735498,0.0037748283695800806,2028
Cavite,0.04347826086956522,0.04723890001566948,0.03426018420045828,0.02522173174700603,0.021574453154780016,0.028333673500793414,0.023822668638413265,0.037281401048127945,0.03682027414401673,0.03838163660672101,0.04247502798243418,0.04766665814584817,0.04923723931715504,0.053149510828464405,0.055779441043964664,0.05389144660368434,0.052584369910395536,0.04668331220378726,0.0814606613609275,0.14073575264389973,0.014622522965810316,0.013068881650586514,0.012231991417490826,2028
Cebu,0.04347826086956522,0.0980543923915238,0.07412527455988727,0.05629022139864515,0.043601976957861284,0.040855982231304884,0.02797317578461907,0.04038795185393833,0.0384028993684182,0.03676571102938305,0.03668136657459499,0.036547345706152416,0.03984545137584596,0.042586430377890915,0.04704988103659907,0.04828208740356431,0.047682246965253756,0.04562338562816137,0.06070556673840052,0.0550211249561842,0.01572166556928833,0.013366406255799082,0.010951194967118678,2028
Davao De Oro,0.04347826086956521,0.08697356670753567,0.07988074503485855,0.0693992893598593,0.06077911352898282,0.07323296340561836,0.04546210574132495,0.05250647095047928,0.04262569986855435,0.03821902464334747,0.03644149661739777,0.03582556712054035,0.03606077805163058,0.03671080666006549,0.03773956672546767,0.036363692532390565,0.03435732542664706,0.03361580867014087,0.04826766389376429,0.05837359120236942,0.005210569076026856,0.004574176934111124,0.0039017169793218232,2028
Davao Del Norte,0.04347826086956523,0.11390605994856648,0.08326512226590167,0.0608413932702859,0.04403925193390021,0.04107446355331679,0.026764819375710236,0.033790188475622374,0.02857271101737026,0.025750261108050107,0.025239651195827495,0.027291542393478488,0.032329380637760995,0.039087335709855134,0.045813769196299294,0.0498025187434502,0.05111221390274191,0.05041047616182024,0.06463536138151624,0.050410595183270936,0.02543801511353924,0.020688204766486723,0.01625840379566388,2028
Davao Del Sur,0.04347826086956523,0.07160542901721548,0.061836636497824234,0.047097267102404666,0.03462440081664535,0.03760680450734311,0.03193549797851379,0.04728563658790772,0.04494864770362576,0.04419429300418801,0.0453610331125262,0.047539394385492116,0.048750940583281284,0.050871246103354285,0.05258155896852831,0.05126615915004015,0.04872646739859573,0.04135008589891034,0.06170451096551529,0.06211848753627212,0.009645283938040846,0.008363591692100688,0.007108366182109556,2028
Davao Occidental,0.043478260869565216,0.12692018230559093,0.09036088309306085,0.060969235133961214,0.0398472336926695,0.032927978965866,0.024903028290273403,0.03629966917803049,0.03545068941960571,0.03473063048174084,0.03487058541909518,0.035851584590359274,0.03749512185164582,0.04012388957000281,0.04398683039901508,0.042857217939750274,0.04039202118449611,0.03838959636785866,0.0560445716585745,0.06343480644576328,0.015707693724839652,0.013727897145680347,0.01123039227255461,2028
Davao Oriental,0.043478260869565216,0.10450160418867069,0.08676334346970568,0.06790577134844876,0.05321631500814529,0.05624094387911477,0.04032813868914871,0.052020187994183766,0.04446000874691873,0.03790622113525918,0.036428257358479994,0.03740303054700574,0.03910140403937465,0.04088700148049627,0.04277583732905264,0.04184104651167825,0.03900023969092558,0.03481237142193166,0.04323870394804779,0.0371822316740116,0.007863720246592688,0.006876281089667366,0.005769079333574584,2028
Dinagat Islands,0.04347826086956522,0.12613585343208175,0.06838097391860812,0.04355381796468623,0.027608359334669007,0.02131690421435,0.017497190731780472,0.02666736568265753,0.02834870841702005,0.032490298738930896,0.03902119027921147,0.04654837001346832,0.053054496483117386,0.05674602463900204,0.06039453504166285,0.05797312059926318,0.053800443007925365,0.04558926448370602,0.05030922222280043,0.040247648519966546,0.025831369072214075,0.01996996397835055,0.015036618354962483,2028
Eastern Samar,0.043478260869565216,0.08137710097242595,0.07539209295746029,0.05837220813371831,0.040965064422363515,0.04012274357878318,0.03421141677205264,0.0526434056849381,0.052359032793385246,0.048821796759496466,0.046120008341327755,0.045668497667624514,0.04751579636504513,0.05068576161171002,0.05446244244636642,0.05363222546227622,0.04925229025002161,0.041373085403848237,0.042213757068360926,0.026192952080885346,0.005969780963306389,0.005060259347922219,0.004110020047116143,2028
Guimaras,0.04347826086956522,0.06584068042081685,0.06185483379396428,0.05321493064332568,0.04309580805992216,0.0459109208647329,0.03592865509996226,0.04992748130775635,0.04789318825123824,0.045755744611171836,0.04523738609554156,0.0452835949466933,0.045791555494592774,0.04669337886869982,0.0478814975758436,0.04654681749747116,0.04363374004534872,0.04102503111723132,0.057615848218777355,0.05907555677693555,0.010948462880025406,0.00945624372593823,0.00791038283444557,2028
Ifugao,0.04347826086956522,0.07819741798640617,0.06291440669408047,0.0491106625858288,0.03702664569920548,0.038631897649797575,0.029625818550220593,0.04433685972198687,0.043341851035010794,0.04017624810902284,0.036927931633355046,0.04757123785623373,0.059262827480850426,0.06763148805466476,0.07238523135827155,0.06234743793603918,0.04808871787520988,0.03679547085298932,0.036599483741405946,0.025871326413795147,0.015555040149605997,0.01322815951048094,0.01089557823597349,2028
Ilocos Norte,0.04347826086956523,0.11314404178747184,0.06811245090746527,0.03850348071363745,0.026166858821549063,0.025895934985304517,0.024124240134950105,0.03629418268067911,0.035489267930040896,0.03430591918973708,0.03622155167513108,0.03951497801400628,0.042351430564888486,0.04433702480254018,0.04580276276855935,0.046642520754663325,0.04864283766539731,0.05114765723327514,0.07082132434895486,0.06611687422240206,0.025813607134953415,0.020897922067220947,0.016174870727607094,2028
Ilocos Sur,0.04347826086956521,0.10342703191998011,0.07174239537392516,0.05466402313682323,0.043205088540514434,0.04011973791152083,0.028008872008297978,0.037067362543326744,0.0334470034133961,0.032148282845208494,0.035633172397353946,0.04046103610763685,0.044778231916806154,0.047932549489533516,0.05047316117580583,0.04970453899758892,0.047351026067286264,0.04437798854727865,0.05889599563902433,0.05145167198564848,0.01675668407417267,0.013836155279132024,0.011039729760173849,2028
Iloilo,0.04347826086956521,0.11199116300885971,0.07980921182370301,0.05295404125222685,0.038126609119909206,0.03822710569163695,0.03172097330425135,0.045842541222547925,0.04349956728787018,0.04129542951809685,0.04045288935355884,0.04096243934311241,0.043199735262127635,0.046659597921749674,0.05080783047469256,0.05100664664135328,0.04764204903066754,0.04189169441762628,0.046053693304755394,0.038594156525392796,0.010289690815202117,0.008610696702388227,0.0068839771087057635,2028
Isabela,0.043478260869565216,0.04797006972337867,0.03988892674899852,0.034568672160532936,0.03202950709072184,0.04464307571004764,0.039746820212497126,0.05460290332125293,0.049671719332532886,0.04643024579331275,0.04523317073479249,0.045980881683397506,0.04836860455040254,0.05166486102404269,0.055434362390555846,0.057471513668245336,0.057309012191242854,0.05331071997151712,0.058250992583064175,0.03890627946912125,0.022931384423553327,0.01822211480106271,0.01388590154616164,2028
Kalinga,0.043478260869565216,0.11261273759277464,0.07464823578091892,0.047231772080019475,0.03073751429236501,0.025578541991815994,0.017255114600200364,0.026709105024150876,0.031191498961320934,0.03582045280090637,0.03842010805253349,0.039451954877915675,0.0422512275703579,0.048635188203844965,0.06400955644260167,0.06817257118684553,0.06459116696914313,0.055902473789000255,0.059337703135182406,0.03993499159335869,0.01398064858079886,0.01125242223880562,0.008796753365574051,2028
La Union,0.04347826086956522,0.0822645658434124,0.07176314653132593,0.058715903297315554,0.04744186908002173,0.051022148240201445,0.03462556714703003,0.044148160785519946,0.03786400354164523,0.03555840951851042,0.036615341339143154,0.040139172642022464,0.04271515258705973,0.04683568220174393,0.050169964244495484,0.04889373041470218,0.046974671685571255,0.039956747353567516,0.05580912093364388,0.07063258124751766,0.005320625500150574,0.004746578065724998,0.004308596930109335,2028
Laguna,0.043478260869565216,0.06276434166658869,0.06886260739657776,0.06080049228801203,0.04635038418801073,0.05293094778126148,0.03458474786960614,0.04651020385876018,0.04390742474674758,0.042381408566055004,0.04108865046937354,0.04043292688606868,0.04149677803263793,0.04402746444887595,0.0473078775317629,0.046639282402883966,0.04381347718722858,0.042919203600305454,0.059723886930140045,0.06959358369873872,0.00784887066403602,0.006804541600734926,0.005732637316028544,2028
Lanao Del Norte,0.04347826086956521,0.11995942964330883,0.08607481207616173,0.06014341786124291,0.04063229330362552,0.03458364944320452,0.021327477967909042,0.02975621572415847,0.028078428695675756,0.026311847142562857,0.02565714420782763,0.0262158725541622,0.028064386177917528,0.03181871436196396,0.03829632019020079,0.04230888293099134,0.04638463725363228,0.0500808421756565,0.07026801715723842,0.07188337480016507,0.031571971367200295,0.026276472702203228,0.02082753139342594,2028
Lanao Del Sur,0.04347826086956522,0.11716719190801628,0.09041015056336757,0.07159018021016147,0.05675241696310447,0.057479228083091166,0.038575708756550246,0.050785099436638254,0.04419531488096473,0.03965951558284208,0.03814235601032818,0.03848683871089497,0.03978373527326271,0.041453765697872395,0.04315472228040484,0.04297831584993648,0.040943354340508845,0.0354195105388671,0.035670355193968925,0.018958758344448004,0.005767321893089673,0.00499297550642029,0.004154923105695874,2028
Leyte,0.04347826086956522,0.09760310778838868,0.10033041785472607,0.07630083339326849,0.04553371633278999,0.037076477577943176,0.02632841114678771,0.03800387183462482,0.03939492067286494,0.0387793130054968,0.03822709376391762,0.03827115448956148,0.03961518473728635,0.04209220392914325,0.0451240140094263,0.041899844901996816,0.03722795291519633,0.03502020571510123,0.04961770562766328,0.05584178618952682,0.013539258286121885,0.011449194544114366,0.009245070414488441,2028
Maguindanao,0.04347826086956522,0.11952095755306304,0.09444688379322201,0.07143602493954705,0.05351778956991402,0.051932993526858436,0.034922283198734125,0.04728827397123597,0.044121321235814415,0.041825319403201236,0.04014358372043038,0.03829135522310504,0.03946423008285253,0.04288783675236146,0.047221128761201304,0.04713190162618384,0.04301830179564769,0.03521750962693854,0.03398941408235004,0.017607365583070817,0.004822514724917116,0.00416713566182903,0.003547614297956446,2028
Marinduque,0.04347826086956521,0.069839999355052,0.05922354772929471,0.04725506600839745,0.03678326970855485,0.04114532926213684,0.037918205358415384,0.056004398012936454,0.04921741880108336,0.042183472758664964,0.042231955210854405,0.04491686373318878,0.04674653274369773,0.04818766497568066,0.049309309822376385,0.04958941276126282,0.04873765628659764,0.04464563563632363,0.048755885945927224,0.03906388302956482,0.023706659309208306,0.01795847106570091,0.013101101615515268,2028
Masbate,0.043478260869565216,0.0805653158118482,0.07262464761393501,0.05580500859738649,0.04156597377167535,0.048046526745466146,0.0399737449962566,0.051750469129590075,0.04444652736252332,0.04140580593609876,0.0410517234605361,0.042056074889211335,0.04398477696763288,0.0468574156116661,0.051058536479036284,0.05235691419034463,0.05004693708986818,0.04422285913115991,0.05182714601726928,0.04331057570028277,0.005234366977547179,0.0045541025624935725,0.00377629008860647,2028
Misamis Occidental,0.043478260869565216,0.17219766760099875,0.12915249153621938,0.09136333621527962,0.06249943039699703,0.05561063885340247,0.03725437894658615,0.04613296151794133,0.038315550312874,0.0287640213565172,0.024897881375429396,0.028512191281783773,0.030698060244862147,0.031425262855776154,0.030538748533182943,0.026410805772269414,0.022102311239566644,0.019900054831772943,0.02887751276974342,0.0285704923212857,0.00920901278720015,0.007736527916151961,0.006352400464594019,2028
Misamis Oriental,0.043478260869565216,0.05739304868702101,0.058594329655480185,0.058542302635217786,0.060366326766133176,0.08081345810324107,0.05181372546420817,0.05852496303901658,0.04621716380610042,0.039631447389936625,0.03580333965605833,0.034130842615730315,0.034998550451892485,0.035439880122538236,0.03614507113683862,0.034627048515378664,0.034328518382649144,0.037105612580116486,0.06217446282652354,0.07977414521480437,0.007918000437537556,0.006674618558238545,0.005504883085773167,2028
Mountain Province,0.04347826086956521,0.05227917439180158,0.04887621525434284,0.04449785223606226,0.03917514864582701,0.049731135594354214,0.04712803962480423,0.07285962921727754,0.0708671806550205,0.05762144184509276,0.045858112610585366,0.03813767186791215,0.034862759079549256,0.034681029683476534,0.036625254311832126,0.034585048417309264,0.032776114637956676,0.03658904697504054,0.06511750947438368,0.0923896153546173,0.008572192368805166,0.007287985448504807,0.0060035814358789545,2028
Negros Occidental,0.043478260869565216,0.11936977938101283,0.10824455408708149,0.08193802591182475,0.05832550748739351,0.04719605579552268,0.027294570851527287,0.03613945854326106,0.03147361164608897,0.028610611797151096,0.02813994133449005,0.02884088583456768,0.031863277332466924,0.035153578188217356,0.038820915880423024,0.03936201591941663,0.037843629236974534,0.03629998210104492,0.05256759412054894,0.06057005116606511,0.010972560851168243,0.009560302445303998,0.00793482921888345,2028
Negros Oriental,0.04347826086956522,0.19637359025825304,0.11317894182829952,0.04428067603624308,0.014172668221694107,0.006989905872428807,0.00789453165884844,0.015223420531797425,0.018784945263450353,0.022144392662402788,0.0248434389623636,0.030370310906652414,0.040145019014655,0.05353564603842986,0.06795017069510564,0.06721051719362936,0.06145948851340708,0.05288335484088923,0.04869375680479244,0.023176904542538602,0.019006406843504776,0.01572769938823515,0.012475953052814077,2028
North Cotabato,0.04347826086956521,0.11224406907639428,0.0957604198627509,0.0748030102081951,0.05894065133398212,0.0641036461119132,0.03915426139136313,0.04724796998456839,0.03783581401985293,0.032088563977788205,0.030238914331847673,0.031032736984826274,0.03289318011261198,0.03540255329323375,0.03884882039258083,0.03993126676147384,0.038704748742281754,0.036139730819026925,0.04369922547763571,0.03886049992342922,0.011389197455425897,0.009562378867556289,0.0076400800016961775,2028
Northern Samar,0.043478260869565216,0.0794515942472222,0.07470805898249214,0.05788352067828412,0.03998711413883708,0.03838546054417324,0.0344087728584772,0.05161080661114586,0.04996778067974699,0.04713661003612859,0.045449132800457114,0.044874604806474254,0.04546075388790725,0.047291256143258756,0.05020084169083343,0.05110768422758371,0.0493788255330257,0.040486657742269005,0.04406630930474387,0.03361510206293227,0.012590117345512209,0.010342124477505219,0.008118610331424551,2028
Nueva Ecija,0.043478260869565216,0.07853629778930718,0.05555997209992117,0.0351040650820799,0.024243141210572257,0.027420277051778887,0.029971724342026402,0.04869680316050071,0.04966030933334637,0.04835924725884745,0.05093956919401451,0.05322310247380107,0.05575085246155996,0.058092436708041824,0.0599791289037911,0.058031474653262936,0.05332775853220034,0.04495367507303139,0.04782936263325957,0.04045588572429532,0.014633818598508463,0.012087638422516271,0.009665198423771247,2028
Nueva Vizcaya,0.043478260869565216,0.07760897427089994,0.05705798815623889,0.035601057383329804,0.02550305492560725,0.031090227211657023,0.03200634575794343,0.049625859720807644,0.049160953519827286,0.04689828938383423,0.04661314127723811,0.04831468545943772,0.05027717933509733,0.052095516946585554,0.05372717441794397,0.05088181747193179,0.04702606708805309,0.0450396945106957,0.0628802436895422,0.062338955089048166,0.013030586863789877,0.010907838193348165,0.008836088457577582,2028
Occidental Mindoro,0.04347826086956522,0.07604104824552374,0.06754201625062602,0.05595159550942871,0.04574981543604057,0.05079013832978499,0.038550219219511454,0.054350328896767,0.04944106986897595,0.04448529955203621,0.04248539701880289,0.04292709663501819,0.044915929589101164,0.047285943667199466,0.04962644804047181,0.049389231126646255,0.04675438681403771,0.04105513347039981,0.04858308108328846,0.03841673184660019,0.008724092511924741,0.007445935448482774,0.0060108005697667,2028
Oriental Mindoro,0.04347826086956522,0.09557531382557445,0.06505337993024084,0.04199023131442488,0.026318675758176723,0.022239874800226066,0.015581319672815716,0.027113986040446326,0.02987627010461681,0.03280887256798886,0.03685348401343758,0.04104627717530744,0.04446483337582507,0.050470814219247394,0.05641252350803137,0.055591635917661676,0.05395298912270858,0.045928274948436314,0.07279181281227891,0.11691297786365222,0.00956352824120129,0.008439885065902335,0.007534778852233951,2028
Palawan,0.043478260869565216,0.07876001055738474,0.06962919563066415,0.05676034943630797,0.046298815701933456,0.05014423960677325,0.038647155507872,0.0536928163837976,0.04868330628427857,0.04522404748111829,0.04444762535184257,0.04495236694780651,0.04606407798275327,0.04749962331587302,0.04930206510866842,0.04853957205707258,0.046470704206017226,0.03762388749215997,0.043724217383744,0.039904767553419825,0.008066332055606766,0.006621145289613362,0.005465417795727172,2028
Pampanga,0.04347826086956522,0.054347339696670265,0.04433627292748649,0.040100438177931644,0.041073538284769236,0.05622475799450624,0.045190963503706494,0.059755004900906517,0.053101225359758614,0.04865776017620721,0.047467894373750215,0.04759986583766748,0.04800016557932185,0.04824392002412329,0.04872683913262233,0.04537243848408131,0.04148918378768903,0.03917576545560701,0.05668938121196633,0.062304027336490785,0.010729515082293552,0.009622756575857358,0.008312685227021605,2028
Pangasinan,0.04347826086956521,0.11879453903897741,0.08263524406556155,0.05559583658390655,0.039393537293709834,0.03261425025219217,0.023929191598870022,0.03423744466806871,0.034192593341959114,0.0352485580366515,0.03689970115581847,0.03837501289567943,0.04054939936943788,0.04475149401494972,0.05369371046103386,0.056907825572936,0.0541460610767041,0.04695325744280904,0.051348484190800826,0.04541077601255929,0.012547009684206249,0.010259618329871368,0.008038194043731444,2028
Quezon,0.043478260869565216,0.0502401336719011,0.05608491662161856,0.049708720122738206,0.04076951307794329,0.0464896131270806,0.03688288622621453,0.05316667063707709,0.05047349907157621,0.04907765108146008,0.048820240095646596,0.049283015445696327,0.04948448716513514,0.051256069864070386,0.05463627209050813,0.054302609582050916,0.05046177504018828,0.041680396309545654,0.05232312917329512,0.05358167471054534,0.006999312208419981,0.00594566427089279,0.0048534895368302616,2028
Quirino,0.04347826086956522,0.0656122975535365,0.062055992814784786,0.049032295181139766,0.04047274634810914,0.047911125632958955,0.0388233744122145,0.055114459006065625,0.04874407565127806,0.04424867390544234,0.04444507078447784,0.048365643822596394,0.052017319880965376,0.054941653170134955,0.05755029151195963,0.05530496108165879,0.050800142961493155,0.04128888195962684,0.048205211025309794,0.04259476807111568,0.0036035453933613874,0.00295857377534342,0.00243063518686185,2028
Rizal,0.04347826086956521,0.06947673749316947,0.04689760127148973,0.03386209923203737,0.03050577413322619,0.04185615737492319,0.03464350279575082,0.0493419028738636,0.046590359950166346,0.044634055346961785,0.04537805870739872,0.048996696795119365,0.05358581290007204,0.057813510592139246,0.06200122225864978,0.06019133112485183,0.05440279476193795,0.04689985949620061,0.05343401985026469,0.04210753361951393,0.01317959989336793,0.011415101328457487,0.009308007330872703,2028
Romblon,0.04347826086956522,0.07432979848476771,0.06885863877236655,0.05771973708118691,0.047562510405804934,0.05377905543585938,0.04380600762086039,0.059551619772492834,0.049380909379015785,0.04335494252436671,0.04167468831350561,0.04190369358846274,0.042890372147804716,0.04427974073878284,0.04631939281840363,0.04720423723716794,0.04682482104593448,0.04130892546443431,0.04834545254434957,0.04014544951779756,0.006787863869000201,0.005776169257870069,0.004717713110199884,2028
Samar,0.04347826086956522,0.07793756033929627,0.062084285249252184,0.04966676284757614,0.042537139856886126,0.046975581281950445,0.03328713029161291,0.04519874681951075,0.0435355615217629,0.04512054463935913,0.04921730713185591,0.05293886065448534,0.05535399917356352,0.05799857992315999,0.05904596189059083,0.056361778905072275,0.051778856720656914,0.04127721512124568,0.04943789432623673,0.02645499530249682,0.003961505315501358,0.0034610241854507186,0.002890447632911821,2028
Sarangani,0.04347826086956522,0.09383207192609667,0.07922123030212408,0.06805438970643131,0.058960891755609035,0.07031035441600735,0.05081069214693753,0.06633886872998325,0.058053914740003966,0.04946014769671478,0.043207745333897145,0.0399476569803885,0.038584077530850025,0.038046094410564814,0.03814382632017225,0.035301739884309034,0.030779435248524892,0.026445410896305116,0.02964783558028653,0.024383557427969303,0.006754694161589669,0.005665866496284004,0.004571237439385428,2028
Siquijor,0.04347826086956521,0.060813998636091215,0.0588933516566892,0.05626148811597497,0.05277390335635465,0.07171153001747839,0.06701102173337056,0.09424905104463265,0.0732257456378842,0.051559318003038965,0.04090504815167668,0.03716381906391717,0.03591502856688664,0.03515570371380159,0.035739633867788514,0.02891041194807725,0.02324404179880175,0.025211157391739326,0.04296383041508728,0.04721698017755274,0.0067768934695178985,0.005937261192397273,0.004882521171675668,2028
Sorsogon,0.043478260869565216,0.03455543652359511,0.03028662402344826,0.026582204026469276,0.025325149324730956,0.03871334598576773,0.037447466858638534,0.06016478158768962,0.05088999466981991,0.04229852606541023,0.038804579273171165,0.03722191022088401,0.040245897718824586,0.04456916991686666,0.05068097767084196,0.05359519438821077,0.05463435455310409,0.05708542854055453,0.08241492373606729,0.0870322794517,0.025193869209157494,0.021368326905740483,0.017411298479742262,2028
South Cotabato,0.04347826086956522,0.046551245227393304,0.04981156965423991,0.04507506456704664,0.035219505238399146,0.037716442913566954,0.03378003990829145,0.05660929948829658,0.05818535206715436,0.05607099880024071,0.05380332654507285,0.052500263381363155,0.05237996176062499,0.05329229670949496,0.05532414976373781,0.05442514800064308,0.050104482048415146,0.042104276943541324,0.047133432993252185,0.043447966608638894,0.013584183376930504,0.01094394111329241,0.008458792020798292,2028
Southern Leyte,0.043478260869565216,0.10883797873242888,0.09021520372724574,0.07516057624494143,0.056965860591293924,0.04783707530975226,0.03382001596508488,0.04442830916450579,0.037560883418786405,0.03230313752278758,0.030385613796425893,0.030566726005628195,0.03228054665038061,0.03500761370093182,0.038150636436338925,0.03883481077383035,0.03943509853883198,0.040824588925288945,0.05247114054879495,0.04076239495432803,0.020736708337177567,0.01682961771811217,0.01310720206753841,2028
Sultan Kudarat,0.04347826086956522,0.13812354878146463,0.11098883618432959,0.07466830927036057,0.044976988245404685,0.04096487782839164,0.03793254380788037,0.05539008756470617,0.0489864864666979,0.03227302473996957,0.02416915180612755,0.02431239669804568,0.03205222316765991,0.040785690987801736,0.04618859336928496,0.04258010825493372,0.034558696657252745,0.02963491801218919,0.03481448651816516,0.031227878377388284,0.012336447470396241,0.010658648945794172,0.008897795976190418,2028
Sulu,0.043478260869565216,0.13400211127755593,0.09914382455925928,0.07370398803358852,0.055706950119926116,0.054493472384012066,0.036168799984088056,0.04675779254522925,0.039691384655022935,0.03341795090164632,0.030587088188706132,0.0321628159819697,0.03611248494350989,0.04050118120915197,0.0436840632249204,0.04207116181216423,0.03780385997081361,0.03277783685773684,0.03821580153788929,0.028923462128071592,0.008194251317680725,0.006930276256052683,0.005471181241438977,2028
Surigao Del Norte,0.043478260869565216,0.10741860096511119,0.08171087493517257,0.05878078813868117,0.04425344471719527,0.04242237332547707,0.029906771323976657,0.04259758667121004,0.04259061949860776,0.041576849966664546,0.040806301029830606,0.040004371768886784,0.04084432734658732,0.04390118512285318,0.04867295571985789,0.05124156436556892,0.050499345784304185,0.04565368344458307,0.04658407500760097,0.032424882736642104,0.009561656339189345,0.008240366059532898,0.006829114862901271,2028
Surigao Del Sur,0.04347826086956521,0.08825469706340416,0.07674977035201819,0.06247439466309033,0.0502676247142525,0.05354284362874696,0.035449882986735605,0.04651597492027322,0.042094743329381505,0.039679797033666295,0.03943290255442651,0.040471773303884885,0.042388644386505754,0.0449340625216405,0.048116348655497874,0.049079062583774494,0.047471800823060684,0.040342992201977845,0.04834635633654027,0.0435059876683862,0.006707058576676952,0.005850952547882684,0.004844068278611129,2028
Tarlac,0.043478260869565216,0.03951771988452701,0.03053753629821205,0.023347938493858196,0.02053683620486772,0.030647970083398816,0.03850707523579928,0.0636458647997344,0.06237589084782047,0.05877284754160409,0.05694705681153693,0.05716819893713586,0.058042813649237725,0.05932358414588045,0.06102487571487968,0.06049189564454378,0.057735243893881474,0.05136808171361457,0.05597365720527557,0.03768779199632524,0.013494650972738793,0.010918622181696206,0.008455586873866291,2028
Tawi-Tawi,0.043478260869565216,0.07271182274110413,0.07338201901696385,0.06318297127172569,0.050460806100488684,0.05679238169540361,0.04072747521790628,0.05175088128680874,0.04392672942478222,0.039648748122455044,0.03871104748668147,0.03955382194563821,0.04197261443556966,0.04549273852520885,0.05008296865951298,0.05066936419511882,0.046359362161227234,0.039646334639339996,0.047144498799484465,0.04109370095529917,0.009182500757787577,0.007789724365796995,0.006239227326131012,2028
Zambales,0.0434782608695652,0.04590804830123465,0.04838638178023257,0.04399976847235657,0.03711032892533679,0.049299857349856854,0.04594762488331401,0.06542831753569417,0.05452749105078322,0.04357596397052051,0.037458154752089454,0.035484033382326974,0.035102398783717244,0.0360626467909044,0.03888166705541626,0.0387288963712475,0.03851028656776967,0.043480064041911064,0.07711177969986704,0.11187387778228718,0.01118193000665171,0.009879151991863806,0.008583069635052799,2028
Zamboanga Del Norte,0.04347826086956522,0.08739404525022097,0.05321484634478511,0.03347152214586158,0.022861652285114675,0.02136205955641346,0.020136706526035258,0.032915236971635155,0.03546739993342744,0.038627772068158754,0.041740156969006466,0.04519665597620631,0.04906161159929212,0.051615213716634835,0.05544118325222775,0.05257647262219366,0.0491893023807686,0.04277958205369296,0.07828230096581314,0.04590718336399193,0.0435239084071389,0.03226996950964018,0.023486957232175643,2028
Zamboanga Del Sur,0.043478260869565216,0.07751514806689133,0.04811903780550463,0.03299710260559703,0.022236506852692402,0.018399302780170275,0.018082045809980667,0.031509166434193187,0.03647380388421737,0.04055177806252646,0.04445417087596883,0.04904092110792993,0.05565281984077112,0.06361946422368349,0.07180326733208761,0.07193545387035209,0.06624612106175669,0.055178535291543505,0.05344417764351858,0.030419083614316368,0.02864879885087136,0.02278147055083982,0.017413562565021985,2028
Zamboanga Sibugay,0.043478260869565216,0.07767430413129979,0.06597051660826718,0.05263175154985127,0.042105096733427036,0.047414298283147804,0.03669045690736693,0.051459528529847996,0.0471778257257222,0.04365279747905793,0.043072801299157325,0.04403967171396035,0.045737790557105036,0.048604784515492626,0.05209361460416435,0.05224206034025047,0.049109463187725536,0.040317695224999034,0.04706782594073286,0.04871697553671636,0.00795055008266481,0.006915060430999942,0.00587686974847791,2028
